0 FILE main.ldr
0 Name: Color_Sorter
0 Author: Adam
0 !LICENSE Free for non-commercial use.
0 !LDCAD GROUP_DEF [topLevel=true] [LID=0] [GID=9LcLJtPVcRi] [name=Group 1] [center=0 0 0]
1 332 728 -874 -66 0 0 -1 0 -1 0 -1 0 0 43857.dat
1 0 738 -884 -66 0 0 -1 1 0 0 0 -1 0 3673.dat
1 0 718 -884 -66 0 0 -1 1 0 0 0 -1 0 3673.dat
1 332 728 -894 -66 0 0 -1 0 -1 0 -1 0 0 43857.dat
1 10 566 -894 -66 0 0 -1 0 -1 0 -1 0 0 43857.dat
1 10 566 -874 -66 0 0 -1 0 -1 0 -1 0 0 43857.dat
1 10 576 -884 -66 0 0 -1 1 0 0 0 -1 0 3673.dat
1 10 556 -884 -66 0 0 -1 1 0 0 0 -1 0 3673.dat
1 14 251 -892 -65 0 0 -1 0 -1 0 -1 0 0 43857.dat
1 14 251 -872 -65 0 0 -1 0 -1 0 -1 0 0 43857.dat
1 14 261 -882 -65 0 0 -1 1 0 0 0 -1 0 3673.dat
1 14 241 -882 -65 0 0 -1 1 0 0 0 -1 0 3673.dat
1 23 405 -895 -65 0 0 -1 0 -1 0 -1 0 0 43857.dat
1 23 405 -875 -65 0 0 -1 0 -1 0 -1 0 0 43857.dat
1 23 415 -885 -65 0 0 -1 1 0 0 0 -1 0 3673.dat
1 23 395 -885 -65 0 0 -1 1 0 0 0 -1 0 3673.dat
1 7 469 -541 3 -1 0 0 0 0 1 0 1 0 64178.dat
1 0 429 -601 -7 0 -1 0 0 0 1 -1 0 0 4459.dat
1 0 509 -601 -7 0 -1 0 0 0 1 -1 0 0 4459.dat
1 15 411 -405.733 -45.541 0 1 0 -0.809 0 -0.588 -0.588 0 0.809 32348.dat
1 23 419 -501 3 -1 0 0 0 0.999 -0.033 0 -0.033 -0.999 3749.dat
1 332 409 -441 3 1 0 0 0 -0.278 0.961 0 -0.961 -0.278 32054.dat
1 23 379 -441 3 1 0 0 0 0.278 -0.961 0 0.961 0.278 3749.dat
1 15 529 -405.109 -45.082 0 1 0 -0.801 0 -0.598 -0.598 0 0.801 32348.dat
1 23 559 -441 3 -1 0 0 0 0.278 -0.961 0 -0.961 -0.278 3749.dat
1 332 529 -441 3 -1 0 0 0 -0.278 0.961 0 0.961 0.278 32054.dat
1 23 519 -501 3 1 0 0 0 0.999 -0.033 0 0.033 0.999 3749.dat
1 7 469 -601 -57 0 0 1 0 -1 0 1 0 0 64179.dat
0 STEP
1 15 469 -474.284 -173.716 -1 0 0 0 0.616 0.788 0 0.788 -0.616 95646.dat
1 23 569 -441 -197 1 0 0 0 0 -1 0 1 0 32556.dat
1 23 373 -441 -197 -1 0 0 0 0 -1 0 -1 0 32556.dat
1 7 369 -441 -97 0 -1 0 -1 0 0 0 0 -1 32525.dat
1 7 569 -441 -97 0 -1 0 -1 0 0 0 0 -1 32525.dat
1 7 368 -506.176 -150.237 0 -1 0 0.608 0 -0.794 0.794 0 0.608 32271.dat
1 23 389 -601 -77 1 0 0 0 0 -1 0 1 0 32556.dat
1 23 378 -506.176 -150.237 -1 0 0 0 0.794 -0.608 0 -0.608 -0.794 3749.dat
1 7 388 -601 -37 1 0 0 0 0.999 0.033 0 -0.033 0.999 4519.dat
1 308 389 -601 -57 0 1 0 -1 0 0 0 0 1 32523p01.dat
1 308 550 -601 -57 0 -1 0 -1 0 0 0 0 -1 32523p01.dat
1 23 550 -601 -77 -1 0 0 0 0 -1 0 -1 0 32556.dat
1 7 550 -601 -37 -1 0 0 0 0.999 0.033 0 0.033 -0.999 4519.dat
1 7 570 -505.757 -149.998 0 -1 0 0.608 0 -0.794 0.794 0 0.608 32271.dat
1 23 560 -505.757 -149.998 1 0 0 0 0.607 -0.794 0 0.794 0.607 3749.dat
1 7 378 -537.924 -125.904 -1 0 0 0 0 -1 0 -1 0 3673.dat
1 7 560 -537.505 -125.666 -1 0 0 0 0 -1 0 -1 0 3673.dat
1 7 579 -441 -157 -1 0 0 0 0 -1 0 -1 0 3673.dat
0 STEP
1 7 589 -441 -177 -1 0 0 0 -1 0 0 0 1 95650.dat
1 7 689 -641 -97 0 0 -1 0 1 0 1 0 0 41239.dat
1 308 569 -631 -97 0 0 -1 1 0 0 0 -1 0 3673.dat
1 308 609 -631 -97 0 0 -1 1 0 0 0 -1 0 3673.dat
1 78 709 -631 -97 0 0 1 1 0 0 0 1 0 3749.dat
1 308 689 -621 -97 0 -1 0 -1 0 0 0 0 -1 32184.dat
1 78 669 -631 -97 0 0 1 1 0 0 0 1 0 3749.dat
1 15 809 -621 -17 -1 0 0 0 1 0 0 0 -1 32526.dat
1 23 809 -621 -97 0 1 0 1 0 0 0 0 -1 32556.dat
1 308 809 -611 -17 0 0 -1 1 0 0 0 -1 0 3673.dat
1 308 770 -671 -97 0 0 -1 -1 0 0 0 1 0 55013.dat
1 308 769 -682 -97 1 0 0 0 0 -1 0 1 0 57519.dat
1 72 769 -699 -97 1 0 0 0 0 -1 0 1 0 94925.dat
1 72 589 -680 -97 0 0 -1 -1 0 0 0 1 0 44294.dat
1 72 589 -700 -97 1 0 0 0 0 -1 0 1 0 94925.dat
1 72 769 -659 -97 1 0 0 0 0 -1 0 1 0 3648a.dat
1 72 589 -659 -97 1 0 0 0 0 -1 0 1 0 3648a.dat
1 308 589 -680 -97 1 0 0 0 0 -1 0 1 0 57519.dat
1 308 569 -731 -97 0 0 -1 -1 0 0 0 1 0 3673.dat
1 308 609 -731 -97 0 0 -1 -1 0 0 0 1 0 3673.dat
1 7 689 -721 -97 0 0 -1 0 -1 0 -1 0 0 41239.dat
1 308 689 -741 -97 0 -1 0 1 0 0 0 0 1 32184.dat
1 78 669 -731 -97 0 0 1 -1 0 0 0 -1 0 3749.dat
1 78 709 -731 -97 0 0 1 -1 0 0 0 -1 0 3749.dat
1 308 689 -681 -77 -1 0 0 0 0 1 0 1 0 32524.dat
1 308 689 -621 -87 0 1 0 0 0 1 1 0 0 3673.dat
1 308 689 -741 -87 0 1 0 0 0 1 1 0 0 3673.dat
1 15 809 -741 -17 -1 0 0 0 1 0 0 0 -1 32526.dat
1 23 809 -741 -97 0 1 0 1 0 0 0 0 -1 32556.dat
1 308 809 -751 -17 0 0 -1 1 0 0 0 -1 0 3673.dat
1 15 809 -601 -157 1 0 0 0 -1 0 0 0 -1 32009.dat
1 308 809 -561 -97 0 0 -1 -1 0 0 0 1 0 32184.dat
1 72 809 -571 -117 0 1 0 -1 0 0 0 0 1 87083.dat
1 72 809 -571 -77 0 1 0 -1 0 0 0 0 1 87083.dat
1 308 809 -581 -97 0 0 -1 -1 0 0 0 1 0 32184.dat
1 308 849 -611 -157 0 0 -1 -1 0 0 0 1 0 3673.dat
1 72 869 -561 -97 -1 0 0 0 0 1 0 1 0 60485.dat
1 308 789 -561 -97 0 0 1 1 0 0 0 1 0 32072.dat
1 72 770 -541 -97 0 0 1 1 0 0 0 1 0 32073.dat
1 226 770 -566 -97 1 0 0 0 0 -1 0 1 0 32123a.dat
1 4 770 -591 -97 1 0 0 0 0 -1 0 1 0 59443.dat
1 226 770 -556 -97 1 0 0 0 0 -1 0 1 0 32123a.dat
1 308 770 -541 -97 0.707 -0.707 0 0 0 -1 0.707 0.707 0 32072.dat
1 4 809 -521 -117 0 0 1 1 0 0 0 1 0 32054.dat
1 4 809 -521 -77 0 0 1 1 0 0 0 1 0 32054.dat
1 308 769 -521 -97 0 0 1 0 -1 0 1 0 0 60484.dat
1 72 770 -501 -97 0 1 0 0 0 1 1 0 0 3713.dat
1 7 809 -501 -97 0 0 1 -1 0 0 0 -1 0 48989.dat
1 15 789 -548.827 -153.109 0 1 0 -0.602 0 0.799 0.799 0 0.602 32348.dat
1 72 889 -561 -97 1 0 0 0 0 1 0 -1 0 95658.dat
1 308 829 -581 -97 0 1 0 0 0 1 1 0 0 6629.dat
1 23 821 -581 -97 1 0 0 0 0 1 0 -1 0 3749.dat
1 23 829 -501 -97 1 0 0 0 0 1 0 -1 0 32556.dat
1 308 841 -541 -97 1 0 0 0 0 1 0 -1 0 3673.dat
1 308 849 -581 -97 0 1 0 0 0 1 1 0 0 6629.dat
1 308 930 -561 -97 0 0 1 -1 0 0 0 -1 0 32498.dat
1 308 950 -561 -97 0 0 1 -1 0 0 0 -1 0 32498.dat
1 72 889 -691 -157 0 0 1 1 0 0 0 1 0 3737.dat
1 15 869 -621 -157 0 0 1 1 0 0 0 1 0 95648.dat
1 15 809 -761 -157 1 0 0 0 -1 0 0 0 -1 32009.dat
1 15 469 -621 -97 0 0 1 0 1 0 -1 0 0 32278.dat
1 72 469 -641 -97 0 0 1 0 1 0 -1 0 0 40490.dat
1 23 409 -621 -97 0 0 -1 1 0 0 0 -1 0 32556.dat
1 23 529 -621 -97 0 0 -1 1 0 0 0 -1 0 32556.dat
0 STEP
1 72 349 -706 -97 1 0 0 0 0 1 0 -1 0 3648b.dat
1 308 349 -684 -97 1 0 0 0 0 1 0 -1 0 57519.dat
1 72 349 -662 -97 1 0 0 0 0 1 0 -1 0 94925.dat
1 308 369 -731 -97 0 0 1 1 0 0 0 1 0 4459.dat
1 72 249 -721 -97 0 0 1 0 -1 0 1 0 0 41239.dat
1 308 329 -731 -97 0 0 1 1 0 0 0 1 0 4459.dat
1 308 249 -741 -97 0 -1 0 1 0 0 0 0 1 32184.dat
1 226 269 -731 -97 0 -1 0 -1 0 0 0 0 -1 3749.dat
1 226 229 -731 -97 0 -1 0 -1 0 0 0 0 -1 3749.dat
1 23 129 -741 -97 0 0 1 -1 0 0 0 -1 0 32556.dat
1 15 129 -741 -17 1 0 0 0 -1 0 0 0 -1 32526.dat
1 308 129 -753 -17 0 0 1 1 0 0 0 1 0 4459.dat
1 72 169 -671 -97 0 0 1 -1 0 0 0 -1 0 55013.dat
1 72 169 -706 -97 1 0 0 0 0 1 0 -1 0 3648b.dat
1 308 169 -684 -97 1 0 0 0 0 1 0 -1 0 57519.dat
1 72 169 -662 -97 1 0 0 0 0 1 0 -1 0 94925.dat
1 72 349 -681 -97 0 0 1 -1 0 0 0 -1 0 44294.dat
1 72 249 -641 -97 0 0 1 0 1 0 -1 0 0 41239.dat
1 308 329 -631 -97 0 0 1 1 0 0 0 1 0 4459.dat
1 308 369 -631 -97 0 0 1 1 0 0 0 1 0 4459.dat
1 15 129 -621 -17 1 0 0 0 -1 0 0 0 -1 32526.dat
1 23 129 -621 -97 0 0 -1 1 0 0 0 -1 0 32556.dat
1 308 129 -611 -17 0 0 1 1 0 0 0 1 0 4459.dat
1 226 229 -631 -97 0 -1 0 1 0 0 0 0 1 3749.dat
1 226 269 -631 -97 0 -1 0 1 0 0 0 0 1 3749.dat
1 308 249 -621 -97 0 -1 0 1 0 0 0 0 1 32184.dat
1 4 169 -591 -97 0 -1 0 0 0 1 -1 0 0 59443.dat
1 7 249 -681 -77 1 0 0 0 0 1 0 -1 0 32524.dat
1 308 249 -741 -87 0 -1 0 0 0 1 -1 0 0 3673.dat
1 308 249 -621 -87 0 -1 0 0 0 1 -1 0 0 3673.dat
1 15 129 -763 -157 -1 0 0 0 1 0 0 0 -1 32009.dat
1 15 129 -601 -157 -1 0 0 0 1 0 0 0 -1 32009.dat
1 308 49 -691 -157 0 -1 0 -1 0 0 0 0 -1 3737.dat
1 7 889 -781 -77 0 0 -1 0 1 0 1 0 0 32526.dat
1 308 889 -771 -77 0 0 1 -1 0 0 0 -1 0 4459.dat
1 308 869 -771 -77 0 0 1 -1 0 0 0 -1 0 4459.dat
1 23 809 -761 -77 0 0 -1 1 0 0 0 -1 0 32556.dat
1 23 809 -761 -37 0 0 -1 1 0 0 0 -1 0 32556.dat
1 4 509 -641 -97 0 0 -1 1 0 0 0 -1 0 32054.dat
1 7 509 -681 -97 0 0 -1 1 0 0 0 -1 0 4519.dat
1 4 509 -721 -97 0 0 1 -1 0 0 0 -1 0 32054.dat
1 4 429 -721 -97 0 0 1 -1 0 0 0 -1 0 32054.dat
1 7 429 -681 -97 0 0 -1 1 0 0 0 -1 0 4519.dat
1 4 429 -641 -97 0 0 -1 1 0 0 0 -1 0 32054.dat
1 72 469 -721 -97 0 0 1 0 1 0 -1 0 0 40490.dat
1 15 469 -741 -97 0 0 1 0 1 0 -1 0 0 32278.dat
1 23 409 -741 -97 0 0 1 -1 0 0 0 -1 0 32556.dat
1 23 529 -741 -97 0 0 1 -1 0 0 0 -1 0 32556.dat
1 7 529 -661 3 0 -1 0 0 0 1 -1 0 0 40490.dat
1 72 509 -741 3 0 0 1 0 1 0 -1 0 0 42003.dat
1 308 519 -741 3 1 0 0 0 0 -1 0 1 0 3673.dat
1 308 519 -721 3 1 0 0 0 0 -1 0 1 0 3673.dat
1 23 509 -761 -7 0 0 -1 0 1 0 1 0 0 3749.dat
1 7 469 -761 -57 0 0 1 0 1 0 -1 0 0 64179.dat
1 7 409 -661 3 0 -1 0 0 0 1 -1 0 0 40490.dat
1 308 419 -741 3 1 0 0 0 0 -1 0 1 0 3673.dat
1 308 419 -721 3 1 0 0 0 0 -1 0 1 0 3673.dat
1 72 429 -741 3 0 0 1 0 1 0 -1 0 0 42003.dat
1 23 429 -761 -7 0 0 1 0 -1 0 1 0 0 3749.dat
1 308 469 -581 3 1 0 0 0 -1 0 0 0 -1 3707.dat
1 308 544 -611 3 0 -1 0 0 0 1 -1 0 0 32449.dat
1 308 469 -641 3 1 0 0 0 -1 0 0 0 -1 3707.dat
1 308 394 -611 3 0 -1 0 0 0 1 -1 0 0 32449.dat
0 !LDCAD GROUP_NXT [ids=0] [nrs=5]
1 15 649.186 -655.983 -265.43 1 0 0 0 -0.577 0.817 0 -0.817 -0.577 99455.dat
0 !LDCAD GROUP_NXT [ids=0] [nrs=6]
1 4 649.186 -654.349 -266.584 0 -1 0 -0.817 0 -0.577 0.577 0 -0.817 32062.dat
0 !LDCAD GROUP_NXT [ids=0] [nrs=7]
1 4 649.186 -670.686 -255.047 1 0 0 0 -0.577 0.817 0 -0.817 -0.577 59443.dat
0 !LDCAD GROUP_NXT [ids=0] [nrs=8]
1 226 669.186 -713.442 -194.244 1 0 0 0 -0.817 -0.577 0 0.577 -0.817 32123a.dat
0 !LDCAD GROUP_NXT [ids=0] [nrs=9]
1 7 649.186 -695.191 -237.74 1 0 0 0 -0.577 0.817 0 -0.817 -0.577 3713.dat
0 !LDCAD GROUP_NXT [ids=0] [nrs=10]
1 18 649.186 -723.065 -242.539 1 0 0 0 -0.577 0.817 0 -0.817 -0.577 32556.dat
0 !LDCAD GROUP_NXT [ids=0] [nrs=11]
1 4 669.186 -722.095 -206.497 0 -1 0 -0.577 0 0.817 -0.817 0 -0.577 32062.dat
0 !LDCAD GROUP_NXT [ids=0] [nrs=12]
1 308 649.186 -727.864 -214.665 1 0 0 0 -0.817 -0.577 0 0.577 -0.817 60483.dat
0 !LDCAD GROUP_NXT [ids=0] [nrs=13]
1 308 649.186 -703.359 -231.971 0 1 0 0.817 0 -0.577 -0.577 0 -0.817 3705.dat
0 !LDCAD GROUP_NXT [ids=0] [nrs=14]
1 7 649.186 -723.065 -242.539 0 0 1 -0.817 -0.577 0 0.577 -0.817 0 48989.dat
0 !LDCAD GROUP_NXT [ids=0] [nrs=15]
1 7 629.186 -695.191 -237.74 0 0 -1 -0.577 -0.817 0 -0.817 0.577 0 63869.dat
0 !LDCAD GROUP_NXT [ids=0] [nrs=16]
1 7 669.186 -727.864 -214.665 0 0 -1 0.577 0.817 0 0.817 -0.577 0 63869.dat
0 !LDCAD GROUP_NXT [ids=0] [nrs=17]
1 226 669.186 -719.211 -202.413 1 0 0 0 -0.817 -0.577 0 0.577 -0.817 32123a.dat
0 !LDCAD GROUP_NXT [ids=0] [nrs=18]
1 7 619.186 -636.277 -254.863 1 0 0 0 -0.817 -0.577 0 0.577 -0.817 3673.dat
0 !LDCAD GROUP_NXT [ids=0] [nrs=19]
1 23 609.186 -701.623 -208.712 1 0 0 0 -0.817 -0.577 0 0.577 -0.817 32556.dat
0 !LDCAD GROUP_NXT [ids=0] [nrs=20]
1 19 609.186 -702.767 -168.729 -1 0 0 0 -0.991 -0.133 0 -0.133 0.991 6587.dat
0 !LDCAD GROUP_NXT [ids=0] [nrs=21]
1 7 609.186 -603.604 -277.938 0 -1 0 0.577 0 -0.817 0.817 0 0.577 32271.dat
0 !LDCAD GROUP_NXT [ids=0] [nrs=22]
1 7 589.186 -702.767 -168.729 1 0 0 0 -1 0.031 0 -0.031 -1 55615.dat
0 !LDCAD GROUP_NXT [ids=0] [nrs=23]
1 308 649.186 -702.767 -168.729 0 0 -1 -0.991 -0.133 0 -0.133 0.991 0 32034.dat
0 !LDCAD GROUP_NXT [ids=0] [nrs=24]
1 7 689.186 -603.604 -277.938 0 -1 0 0.577 0 -0.817 0.817 0 0.577 32271.dat
0 !LDCAD GROUP_NXT [ids=0] [nrs=25]
1 23 689.186 -701.623 -208.712 -1 0 0 0 0.817 -0.577 0 -0.577 -0.817 32556.dat
0 !LDCAD GROUP_NXT [ids=0] [nrs=26]
1 7 679.186 -636.277 -254.863 1 0 0 0 -0.817 -0.577 0 0.577 -0.817 3673.dat
0 !LDCAD GROUP_NXT [ids=0] [nrs=27]
1 19 686.186 -702.767 -168.729 1 0 0 0 0.185 0.983 0 -0.983 0.185 6587.dat
0 !LDCAD GROUP_NXT [ids=0] [nrs=28]
1 7 705.193 -702.661 -168.804 -1 -0.01 0.014 0.014 -0.026 0.999 -0.01 0.999 0.026 55615.dat
0 !LDCAD GROUP_NXT [ids=0] [nrs=29]
1 7 709.186 -621.185 -206.612 0 -1 0 -1 0 0.031 -0.031 0 -1 40490.dat
0 !LDCAD GROUP_NXT [ids=0] [nrs=30]
1 308 719.186 -623.036 -146.64 -1 0 0 0 0.718 -0.697 0 -0.697 -0.718 3673.dat
0 !LDCAD GROUP_NXT [ids=0] [nrs=31]
1 4 709.186 -619.94 -266.4 -1 0 0 0 0.154 -0.988 0 -0.988 -0.154 32054.dat
0 !LDCAD GROUP_NXT [ids=0] [nrs=32]
1 4 709.186 -623.654 -126.65 1 0 0 0 0.674 -0.739 0 0.739 0.674 32054.dat
0 !LDCAD GROUP_NXT [ids=0] [nrs=33]
1 7 649.186 -623.654 -126.65 1 0 0 0 0.674 -0.739 0 0.739 0.674 32073.dat
0 !LDCAD GROUP_NXT [ids=0] [nrs=34]
1 4 589.186 -623.654 -126.65 -1 0 0 0 0.739 -0.674 0 -0.674 -0.739 32054.dat
0 !LDCAD GROUP_NXT [ids=0] [nrs=35]
1 7 649.186 -622.419 -166.63 -1 0 0 0 0.099 -0.995 0 -0.995 -0.099 60485.dat
0 !LDCAD GROUP_NXT [ids=0] [nrs=36]
1 226 674.186 -622.419 -166.63 0 0 -1 -0.739 0.674 0 0.674 0.739 0 32123a.dat
0 !LDCAD GROUP_NXT [ids=0] [nrs=37]
1 7 689.186 -622.419 -166.63 0 0 -1 -0.739 0.674 0 0.674 0.739 0 3713.dat
0 !LDCAD GROUP_NXT [ids=0] [nrs=38]
1 7 648.186 -622.419 -166.63 1 0 0 0 0.999 -0.042 0 0.042 0.999 62462.dat
0 !LDCAD GROUP_NXT [ids=0] [nrs=39]
1 226 623.186 -622.419 -166.63 0 0 -1 -0.739 0.674 0 0.674 0.739 0 32123a.dat
0 !LDCAD GROUP_NXT [ids=0] [nrs=40]
1 7 608.186 -622.419 -166.63 0 0 -1 -0.739 0.674 0 0.674 0.739 0 3713.dat
0 !LDCAD GROUP_NXT [ids=0] [nrs=41]
1 7 589.186 -621.185 -206.612 0 -1 0 -1 0 0.031 -0.031 0 -1 40490.dat
0 !LDCAD GROUP_NXT [ids=0] [nrs=42]
1 4 589.186 -619.94 -266.4 1 0 0 0 0.983 -0.185 0 0.185 0.983 32054.dat
0 !LDCAD GROUP_NXT [ids=0] [nrs=43]
1 308 579.186 -623.036 -146.64 -1 0 0 0 0.718 -0.697 0 -0.697 -0.718 3673.dat
0 !LDCAD GROUP_NXT [ids=0] [nrs=44]
1 308 729.186 -623.037 -165.02 0 -1 0 -0.066 0 -0.998 0.998 0 -0.066 33299.dat
0 !LDCAD GROUP_NXT [ids=0] [nrs=45]
1 308 569.186 -622.419 -166.63 0 1 0 0.099 0 -0.995 -0.995 0 -0.099 33299.dat
0 STEP
0 !LDCAD GROUP_NXT [ids=0] [nrs=46]
1 308 540.735 -684.895 -141.948 0.016 0 -1 -1 -0.027 -0.015 -0.027 1 0 88323.dat
0 !LDCAD GROUP_NXT [ids=0] [nrs=47]
1 308 570.731 -684.423 -141.939 0.016 0 -1 -1 -0.027 -0.015 -0.027 1 0 88323.dat
0 !LDCAD GROUP_NXT [ids=0] [nrs=48]
1 308 630.722 -683.477 -141.92 0.016 0 -1 -1 -0.027 -0.015 -0.027 1 0 88323.dat
0 !LDCAD GROUP_NXT [ids=0] [nrs=49]
1 308 600.726 -683.95 -141.929 0.016 0 -1 -1 -0.027 -0.015 -0.027 1 0 88323.dat
0 !LDCAD GROUP_NXT [ids=0] [nrs=50]
1 308 720.708 -682.06 -141.89 0.016 0 -1 -1 -0.027 -0.015 -0.027 1 0 88323.dat
0 !LDCAD GROUP_NXT [ids=0] [nrs=51]
1 308 690.713 -682.532 -141.901 0.016 0 -1 -1 -0.027 -0.015 -0.027 1 0 88323.dat
0 !LDCAD GROUP_NXT [ids=0] [nrs=52]
1 308 660.717 -683.005 -141.91 0.016 0 -1 -1 -0.027 -0.015 -0.027 1 0 88323.dat
0 !LDCAD GROUP_NXT [ids=0] [nrs=53]
1 308 729.186 -643.066 -137.845 0 0 -1 -0.066 0.998 0 0.998 0.066 0 32291.dat
0 !LDCAD GROUP_NXT [ids=0] [nrs=54]
1 4 729.186 -643.798 -127.254 0 1 0 -0.066 0 0.998 0.998 0 0.066 32062.dat
0 !LDCAD GROUP_NXT [ids=0] [nrs=55]
1 8 709.186 -644.455 -117.276 0 -1 0 0.066 0 0.998 -0.998 0 0.066 42003.dat
0 !LDCAD GROUP_NXT [ids=0] [nrs=56]
1 8 589.186 -644.342 -117.374 0 1 0 -0.066 0 0.998 0.998 0 0.066 42003.dat
0 !LDCAD GROUP_NXT [ids=0] [nrs=57]
1 4 569.186 -643.685 -127.352 0 1 0 -0.066 0 0.998 0.998 0 0.066 32062.dat
0 !LDCAD GROUP_NXT [ids=0] [nrs=58]
1 308 569.186 -642.953 -137.943 0 0 -1 -0.066 0.998 0 0.998 0.066 0 32291.dat
0 !LDCAD GROUP_NXT [ids=0] [nrs=59]
1 4 549.205 -622.449 -166.63 0 1 0 1 0 0.029 0.029 0 -1 32140.dat
0 !LDCAD GROUP_NXT [ids=0] [nrs=60]
1 7 569.19 -621.262 -206.612 0.001 0 -1 1 0.027 0 0.027 -1 0 48989.dat
0 !LDCAD GROUP_NXT [ids=0] [nrs=61]
1 7 729.182 -621.105 -206.607 -0.001 0 1 -0.999 0.035 0 -0.035 -0.999 0 48989.dat
0 !LDCAD GROUP_NXT [ids=0] [nrs=62]
1 4 749.167 -622.387 -166.628 0 -1 0 -1 0 0.034 -0.032 0 -0.999 32140.dat
0 !LDCAD GROUP_NXT [ids=0] [nrs=63]
1 7 705.018 -742.639 -169.842 -0.014 1 -0.002 -1 -0.014 -0.026 -0.027 0.001 0.999 32316.dat
0 !LDCAD GROUP_NXT [ids=0] [nrs=64]
1 308 714.932 -743.827 -129.837 1 0.014 -0.003 -0.014 1 -0.026 0.001 0.026 1 3673.dat
0 !LDCAD GROUP_NXT [ids=0] [nrs=65]
1 23 705.106 -741.593 -209.831 -1 -0.014 -0.001 0.014 -0.999 -0.026 -0.001 -0.026 0.999 32556.dat
0 !LDCAD GROUP_NXT [ids=0] [nrs=66]
1 308 714.976 -743.304 -149.831 1 0.014 -0.003 -0.014 1 -0.026 0.001 0.026 1 3673.dat
0 !LDCAD GROUP_NXT [ids=0] [nrs=67]
1 23 705.018 -742.639 -169.842 -1 -0.014 -0.001 0.014 -0.999 -0.026 -0.001 -0.026 0.999 32556.dat
0 !LDCAD GROUP_NXT [ids=0] [nrs=68]
1 308 725.238 -723.429 -138.655 0.002 -0.014 -1 0.058 -0.998 0.014 -0.998 -0.058 -0.001 32291.dat
0 !LDCAD GROUP_NXT [ids=0] [nrs=69]
1 4 725.214 -723.972 -128.669 0.002 -0.014 -1 0.058 -0.998 0.014 -0.998 -0.058 -0.001 3704.dat
0 !LDCAD GROUP_NXT [ids=0] [nrs=70]
1 8 705.191 -724.329 -118.721 0.002 -1 0.014 0.058 0.014 0.998 -0.998 -0.001 0.058 42003.dat
0 !LDCAD GROUP_NXT [ids=0] [nrs=71]
1 308 725.643 -701.776 -190.006 0.002 1 -0.014 -0.005 -0.014 -1 -1 0.001 0.005 60484.dat
0 !LDCAD GROUP_NXT [ids=0] [nrs=72]
1 7 685.298 -722.366 -169.347 0.002 -0.014 -1 0.026 -0.999 0.014 -0.999 -0.026 -0.001 6536.dat
0 !LDCAD GROUP_NXT [ids=0] [nrs=73]
1 7 685.275 -721.837 -189.341 0.002 1 -0.014 0.026 -0.014 -0.999 -0.999 0.001 -0.026 63869.dat
0 !LDCAD GROUP_NXT [ids=0] [nrs=74]
1 7 685.212 -721.836 -189.342 0.002 -0.014 -1 0.026 -0.999 0.014 -0.999 -0.026 -0.001 4519.dat
0 !LDCAD GROUP_NXT [ids=0] [nrs=75]
1 7 685.284 -721.309 -209.334 0.002 -0.014 -1 0.026 -0.999 0.014 -0.999 -0.026 -0.001 6536.dat
0 !LDCAD GROUP_NXT [ids=0] [nrs=76]
1 7 609.15 -722.151 -189.315 -0.002 0 1 -0.031 -1 0 1 -0.031 0.001 4519.dat
0 !LDCAD GROUP_NXT [ids=0] [nrs=77]
1 7 609.186 -721.535 -209.307 -0.002 0 1 -0.031 -1 0 1 -0.031 0.001 6536.dat
0 !LDCAD GROUP_NXT [ids=0] [nrs=78]
1 7 609.15 -722.151 -189.315 -0.002 -1 0 -0.031 0 -1 1 -0.001 -0.031 63869.dat
0 !LDCAD GROUP_NXT [ids=0] [nrs=79]
1 7 609.108 -722.774 -169.324 -0.002 0 1 -0.031 -1 0 1 -0.031 0.001 6536.dat
0 !LDCAD GROUP_NXT [ids=0] [nrs=80]
1 7 589.104 -742.766 -169.975 0 -1 0.002 -1 0 0.031 -0.031 -0.001 -1 32316.dat
0 !LDCAD GROUP_NXT [ids=0] [nrs=81]
1 308 579.062 -743.385 -150.002 -1 0 0.002 0 1 0.031 -0.001 0.031 -1 3673.dat
0 !LDCAD GROUP_NXT [ids=0] [nrs=82]
1 23 589.105 -742.766 -169.975 1 0 0.001 0 -1 0.031 0.001 -0.031 -1 32556.dat
0 !LDCAD GROUP_NXT [ids=0] [nrs=83]
1 308 579.022 -744.005 -130.01 -1 0 0.002 0 1 0.031 -0.001 0.031 -1 3673.dat
0 !LDCAD GROUP_NXT [ids=0] [nrs=84]
1 23 589.183 -741.526 -209.958 1 0 0.001 0 -1 0.031 0.001 -0.031 -1 32556.dat
0 !LDCAD GROUP_NXT [ids=0] [nrs=85]
1 308 569.038 -724.009 -140.035 -0.002 0 1 0 -1 0 1 0 0.001 32291.dat
0 !LDCAD GROUP_NXT [ids=0] [nrs=86]
1 4 569.018 -724.005 -129.035 -0.002 0 1 0 -1 0 1 0 0.001 3704.dat
0 !LDCAD GROUP_NXT [ids=0] [nrs=87]
1 8 589 -724 -119 -0.002 1 0 0 0 1 1 0.001 0 42003.dat
0 !LDCAD GROUP_NXT [ids=0] [nrs=88]
1 308 569.139 -702.85 -187.539 -0.002 -1 0 -0.063 0 -0.998 0.998 -0.001 -0.063 60484.dat
0 !LDCAD GROUP_NXT [ids=0] [nrs=89]
1 7 669.186 -701.888 -281.893 0 1 0 -0.575 0 -0.818 -0.818 0 0.575 32316.dat
0 !LDCAD GROUP_NXT [ids=0] [nrs=90]
1 7 649.186 -603.745 -350.944 0 1 0 -0.575 0 -0.818 -0.818 0 0.575 32525.dat
0 !LDCAD GROUP_NXT [ids=0] [nrs=91]
1 23 649.186 -669.174 -304.909 1 0 0 0 0.577 -0.817 0 0.817 0.577 32556.dat
0 !LDCAD GROUP_NXT [ids=0] [nrs=92]
1 226 649.186 -521.96 -408.486 1 0 0 0 0.577 -0.817 0 0.817 0.577 32556.dat
0 !LDCAD GROUP_NXT [ids=0] [nrs=93]
1 23 649.186 -685.531 -293.401 1 0 0 0 0.577 -0.817 0 0.817 0.577 32556.dat
0 !LDCAD GROUP_NXT [ids=0] [nrs=94]
1 226 649.186 -587.388 -362.452 1 0 0 0 0.577 -0.817 0 0.817 0.577 32556.dat
0 !LDCAD GROUP_NXT [ids=0] [nrs=95]
1 7 649.186 -638.217 -326.948 1 0 0 0 0.817 0.577 0 -0.577 0.817 32073.dat
0 !LDCAD GROUP_NXT [ids=0] [nrs=96]
1 7 640.186 -718.245 -270.384 -1 0 0 0 0.577 0.817 0 0.817 -0.577 44294.dat
0 !LDCAD GROUP_NXT [ids=0] [nrs=97]
1 226 649.186 -701.909 -281.922 -1 0 0 0 0.577 0.817 0 0.817 -0.577 32556.dat
0 !LDCAD GROUP_NXT [ids=0] [nrs=98]
1 308 649.186 -718.245 -270.384 0 1 0 0.577 0 0.817 0.817 0 -0.577 60483.dat
0 !LDCAD GROUP_NXT [ids=0] [nrs=99]
1 7 629.186 -701.909 -281.922 0 1 0 -0.575 0 -0.818 -0.818 0 0.575 32316.dat
0 !LDCAD GROUP_NXT [ids=0] [nrs=100]
1 7 669.186 -538.44 -397.152 0 -1 0 0.579 0 -0.816 0.816 0 0.579 32524.dat
0 !LDCAD GROUP_NXT [ids=0] [nrs=101]
1 23 649.186 -505.808 -420.285 -1 0 0 0 -0.577 -0.817 0 -0.817 0.577 32556.dat
0 !LDCAD GROUP_NXT [ids=0] [nrs=102]
1 308 649.186 -489.471 -431.823 0 -1 0 0.577 0 -0.817 0.817 0 0.577 60483.dat
0 !LDCAD GROUP_NXT [ids=0] [nrs=103]
1 7 650.186 -489.471 -431.823 1 0 0 0 0.577 -0.817 0 0.817 0.577 4519.dat
0 !LDCAD GROUP_NXT [ids=0] [nrs=104]
1 7 629.186 -538.44 -397.152 0 -1 0 0.579 0 -0.816 0.816 0 0.579 32524.dat
0 !LDCAD GROUP_NXT [ids=0] [nrs=105]
1 7 689.079 -682.428 -320.212 -1 0 -0.002 0.002 -0.577 -0.817 -0.001 -0.817 0.577 41239.dat
0 !LDCAD GROUP_NXT [ids=0] [nrs=106]
1 4 688.937 -736.241 -257.729 -1 0 -0.002 0.002 -0.577 -0.817 -0.001 -0.817 0.577 32140.dat
0 !LDCAD GROUP_NXT [ids=0] [nrs=107]
1 7 689.186 -638.217 -326.948 -1 0 0 0 0.817 -0.577 0 -0.577 -0.817 6536.dat
0 !LDCAD GROUP_NXT [ids=0] [nrs=108]
1 4 689.008 -719.904 -269.265 0 -1 0 0.577 0 -0.817 0.817 0 0.577 44809.dat
0 !LDCAD GROUP_NXT [ids=0] [nrs=109]
1 23 688.937 -742.009 -265.897 0 -1 -0.002 0.577 0.002 -0.817 0.817 -0.001 0.577 3749.dat
0 !LDCAD GROUP_NXT [ids=0] [nrs=110]
1 308 688.865 -774.683 -242.824 0 -1 0 0.577 0 -0.817 0.817 0 0.577 3673.dat
0 !LDCAD GROUP_NXT [ids=0] [nrs=111]
1 308 689.008 -709.334 -288.97 0 -1 0 0.577 0 -0.817 0.817 0 0.577 3673.dat
0 !LDCAD GROUP_NXT [ids=0] [nrs=112]
1 308 689.186 -627.647 -346.653 0 -1 0 0.577 0 -0.817 0.817 0 0.577 3673.dat
0 !LDCAD GROUP_NXT [ids=0] [nrs=113]
1 23 609.937 -742.005 -265.89 0 -1 -0.002 0.577 0.002 -0.817 0.817 -0.001 0.577 3749.dat
0 !LDCAD GROUP_NXT [ids=0] [nrs=114]
1 7 610.079 -682.427 -320.209 -1 0 -0.002 0.002 -0.577 -0.817 -0.001 -0.817 0.577 41239.dat
0 !LDCAD GROUP_NXT [ids=0] [nrs=115]
1 4 609.794 -736.236 -257.722 1 0 0.002 0.002 0.577 -0.817 -0.001 0.817 0.577 32140.dat
0 !LDCAD GROUP_NXT [ids=0] [nrs=116]
1 7 610.186 -638.217 -326.948 -1 0 0 0 0.817 -0.577 0 -0.577 -0.817 6536.dat
0 !LDCAD GROUP_NXT [ids=0] [nrs=117]
1 4 610.008 -719.9 -269.26 0 -1 0 0.577 0 -0.817 0.817 0 0.577 44809.dat
0 !LDCAD GROUP_NXT [ids=0] [nrs=118]
1 308 609.865 -774.678 -242.815 0 -1 0 0.577 0 -0.817 0.817 0 0.577 3673.dat
0 !LDCAD GROUP_NXT [ids=0] [nrs=119]
1 308 610.008 -709.332 -288.965 0 -1 0 0.577 0 -0.817 0.817 0 0.577 3673.dat
0 !LDCAD GROUP_NXT [ids=0] [nrs=120]
1 308 610.186 -627.649 -346.653 0 -1 0 0.577 0 -0.817 0.817 0 0.577 3673.dat
0 !LDCAD GROUP_NXT [ids=0] [nrs=121]
1 23 648.246 -764.6 -242.543 -0.001 1 -0.001 -0.817 0 0.577 0.577 0.001 0.817 32556.dat
0 !LDCAD GROUP_NXT [ids=0] [nrs=122]
1 7 649.187 -741.525 -209.868 0.001 -0.001 1 0.817 0.577 0 -0.577 0.817 0.001 3713.dat
0 !LDCAD GROUP_NXT [ids=0] [nrs=123]
1 7 649.187 -741.525 -209.868 -1 0.001 0.001 0 0.817 -0.577 -0.001 -0.577 -0.817 4519.dat
0 !LDCAD GROUP_NXT [ids=0] [nrs=124]
1 4 629.187 -741.525 -209.904 0.001 1 0.001 0.817 0 -0.577 -0.577 0.001 -0.817 32140.dat
0 !LDCAD GROUP_NXT [ids=0] [nrs=125]
1 7 648.295 -759.801 -270.417 1 -0.001 -0.001 0 0.577 -0.817 0.001 0.817 0.577 63869.dat
0 !LDCAD GROUP_NXT [ids=0] [nrs=126]
1 308 649.246 -764.6 -242.542 1 -0.003 -0.001 0.001 0.577 -0.817 0.003 0.817 0.577 32184.dat
0 !LDCAD GROUP_NXT [ids=0] [nrs=127]
1 7 648.295 -759.801 -270.417 -1 -0.001 0.001 0 0.577 0.817 -0.001 0.817 -0.577 4519.dat
0 !LDCAD GROUP_NXT [ids=0] [nrs=128]
1 7 649.31 -776.134 -258.873 -1 -0.003 0.001 -0.001 0.577 0.817 -0.003 0.817 -0.577 4519.dat
0 !LDCAD GROUP_NXT [ids=0] [nrs=129]
1 7 648.181 -753.063 -226.206 -1 -0.003 0.001 -0.001 0.577 0.817 -0.003 0.817 -0.577 4519.dat
0 !LDCAD GROUP_NXT [ids=0] [nrs=130]
1 4 669.116 -741.5 -209.798 0.001 1 0.003 0.817 0.001 -0.577 -0.577 0.003 -0.817 32140.dat
0 !LDCAD GROUP_NXT [ids=0] [nrs=131]
1 7 648.83 -793.872 -235.396 1 0 -0.001 -0.001 0.577 -0.817 0.001 0.817 0.577 2905.dat
0 !LDCAD GROUP_NXT [ids=0] [nrs=132]
1 23 608.83 -790.954 -231.335 0 0.001 1 -0.577 0.817 -0.001 -0.817 -0.577 0.001 3749.dat
0 !LDCAD GROUP_NXT [ids=0] [nrs=133]
1 23 688.83 -791.021 -231.288 0 0.001 1 -0.577 0.817 -0.001 -0.817 -0.577 0.001 3749.dat
0 !LDCAD GROUP_NXT [ids=0] [nrs=134]
1 23 608.972 -737.141 -293.819 0 -0.001 -1 -0.577 -0.817 0.001 -0.817 0.577 -0.001 3749.dat
0 !LDCAD GROUP_NXT [ids=0] [nrs=135]
1 23 688.972 -737.208 -293.771 0 -0.001 -1 -0.577 -0.817 0.001 -0.817 0.577 -0.001 3749.dat
0 !LDCAD GROUP_NXT [ids=0] [nrs=136]
1 7 648.972 -740.059 -297.879 -1 0 0.001 0.001 0.577 0.817 -0.001 0.817 -0.577 2905.dat
0 !LDCAD GROUP_NXT [ids=0] [nrs=137]
1 7 648.972 -745.827 -306.048 -1 0 0.001 0.001 0.577 0.817 -0.001 0.817 -0.577 2905.dat
0 !LDCAD GROUP_NXT [ids=0] [nrs=138]
1 308 689.186 -558.135 -407.74 0 -1 0 -0.817 0 -0.576 0.576 0 -0.817 41678.dat
0 !LDCAD GROUP_NXT [ids=0] [nrs=139]
1 308 679.185 -554.765 -385.597 -1 0 0 0 -0.817 0.577 0 0.577 0.817 3673.dat
0 !LDCAD GROUP_NXT [ids=0] [nrs=140]
1 23 629.186 -554.788 -385.631 1 0 0 0 -0.577 0.817 0 -0.817 -0.577 32556.dat
0 !LDCAD GROUP_NXT [ids=0] [nrs=141]
1 7 689.185 -549.961 -413.5 0 -1 0 -0.817 0 -0.576 0.576 0 -0.817 4519.dat
0 !LDCAD GROUP_NXT [ids=0] [nrs=142]
1 4 689.184 -525.439 -430.781 0 -1 0 -0.576 0 0.817 -0.817 0 -0.576 59443.dat
0 !LDCAD GROUP_NXT [ids=0] [nrs=143]
1 308 679.186 -538.44 -397.152 -1 0 0 0 -0.817 0.577 0 0.577 0.817 3673.dat
0 !LDCAD GROUP_NXT [ids=0] [nrs=144]
1 308 609.186 -558.135 -407.74 0 -1 0 -0.817 0 -0.576 0.576 0 -0.817 41678.dat
0 !LDCAD GROUP_NXT [ids=0] [nrs=145]
1 7 609.185 -549.961 -413.5 0 -1 0 -0.817 0 -0.576 0.576 0 -0.817 4519.dat
0 !LDCAD GROUP_NXT [ids=0] [nrs=146]
1 4 609.184 -525.439 -430.781 0 -1 0 -0.576 0 0.817 -0.817 0 -0.576 59443.dat
0 !LDCAD GROUP_NXT [ids=0] [nrs=147]
1 23 629.186 -538.44 -397.152 1 0 0 0 -0.577 0.817 0 -0.817 -0.577 32556.dat
0 !LDCAD GROUP_NXT [ids=0] [nrs=148]
1 308 567.206 -741.332 -303.073 1 0 -0.001 0.001 0.817 0.577 0.001 -0.577 0.817 87086.dat
0 !LDCAD GROUP_NXT [ids=0] [nrs=149]
1 23 587.186 -729.783 -286.721 0 -1 0 0.817 0 0.577 -0.577 0 0.817 32556.dat
0 !LDCAD GROUP_NXT [ids=0] [nrs=150]
1 7 587.186 -718.245 -270.384 1 0 0 0 -0.577 0.817 0 -0.817 -0.577 6536.dat
0 !LDCAD GROUP_NXT [ids=0] [nrs=151]
1 7 587.186 -746.119 -275.183 -0.001 0 -1 0.577 0.817 -0.001 0.817 -0.577 -0.001 87082.dat
0 !LDCAD GROUP_NXT [ids=0] [nrs=152]
1 23 710.186 -729.783 -286.721 0 -1 0 0.817 0 0.577 -0.577 0 0.817 32556.dat
0 !LDCAD GROUP_NXT [ids=0] [nrs=153]
1 7 710.186 -718.245 -270.384 1 0 0 0 -0.577 0.817 0 -0.817 -0.577 6536.dat
0 !LDCAD GROUP_NXT [ids=0] [nrs=154]
1 7 710.186 -746.119 -275.183 -0.001 0 -1 0.577 0.817 -0.001 0.817 -0.577 -0.001 87082.dat
0 !LDCAD GROUP_NXT [ids=0] [nrs=155]
1 308 730.206 -741.309 -303.041 1 0 -0.001 0.001 0.817 0.577 0.001 -0.577 0.817 87080.dat
0 !LDCAD GROUP_NXT [ids=0] [nrs=156]
1 0 567.186 -678.833 -249.248 -1 0 0 0 0.577 0.817 0 0.817 -0.577 64392.dat
0 !LDCAD GROUP_NXT [ids=0] [nrs=157]
1 0 730.186 -678.833 -249.248 -1 0 0 0 0.577 0.817 0 0.817 -0.577 64682.dat
0 !LDCAD GROUP_NXT [ids=0] [nrs=-1]
1 308 510.735 -685.345 -141.961 0.016 0 -1 -1 -0.027 -0.015 -0.027 1 0 88323.dat
0 !LDCAD GROUP_NXT [ids=0] [nrs=2]
1 308 480.739 -685.818 -141.97 0.016 0 -1 -1 -0.027 -0.015 -0.027 1 0 88323.dat
0 !LDCAD GROUP_NXT [ids=0] [nrs=3]
1 308 450.744 -686.29 -141.98 0.016 0 -1 -1 -0.027 -0.015 -0.027 1 0 88323.dat
0 !LDCAD GROUP_NXT [ids=0] [nrs=4]
1 308 420.748 -686.763 -141.989 0.016 0 -1 -1 -0.027 -0.015 -0.027 1 0 88323.dat
0 STEP
1 308 390.748 -687.213 -142.002 0.016 0 -1 -1 -0.027 -0.015 -0.027 1 0 88323.dat
1 308 360.748 -687.663 -142.015 0.016 0 -1 -1 -0.027 -0.015 -0.027 1 0 88323.dat
1 308 300.748 -688.562 -142.041 0.016 0 -1 -1 -0.027 -0.015 -0.027 1 0 88323.dat
1 308 330.748 -688.113 -142.028 0.016 0 -1 -1 -0.027 -0.015 -0.027 1 0 88323.dat
1 308 270.748 -689.012 -142.053 0.016 0 -1 -1 -0.027 -0.015 -0.027 1 0 88323.dat
1 308 240.748 -689.462 -142.066 0.016 0 -1 -1 -0.027 -0.015 -0.027 1 0 88323.dat
1 308 210.748 -689.912 -142.079 0.016 0 -1 -1 -0.027 -0.015 -0.027 1 0 88323.dat
1 308 180.748 -690.362 -142.092 0.016 0 -1 -1 -0.027 -0.015 -0.027 1 0 88323.dat
1 308 150.748 -690.812 -142.105 0.016 0 -1 -1 -0.027 -0.015 -0.027 1 0 88323.dat
1 308 122.738 -691.522 -131.374 0.016 0.358 -0.934 -1 -0.02 -0.024 -0.027 0.934 0.358 88323.dat
1 308 112.46 -692.423 -103.2 0.016 0.94 -0.343 -1 0.006 -0.03 -0.027 0.343 0.939 88323.dat
1 308 116.028 -689.145 -73.317 0.016 0.993 0.121 -1 0.019 -0.024 -0.027 -0.121 0.992 88323.dat
1 308 137.748 -687.262 -47.108 -0.004 0.777 0.629 -1 0.008 -0.015 -0.017 -0.629 0.777 88323.dat
1 308 167.748 -687.712 -47.111 -0.016 0 1 -1 0.008 -0.015 -0.008 -1 0 88323.dat
1 308 197.748 -688.162 -47.113 -0.016 0 1 -1 0.008 -0.015 -0.008 -1 0 88323.dat
1 308 227.748 -688.612 -47.116 -0.016 0 1 -1 0.008 -0.015 -0.008 -1 0 88323.dat
1 308 257.748 -689.062 -47.119 -0.016 0 1 -1 0.008 -0.015 -0.008 -1 0 88323.dat
1 308 287.748 -689.512 -47.122 -0.016 0 1 -1 0.008 -0.015 -0.008 -1 0 88323.dat
1 308 317.748 -689.962 -47.125 -0.016 0 1 -1 0.008 -0.015 -0.008 -1 0 88323.dat
1 308 347.748 -690.411 -47.128 -0.016 0 1 -1 0.008 -0.015 -0.008 -1 0 88323.dat
1 308 377.748 -690.861 -47.13 -0.016 0 1 -1 0.008 -0.015 -0.008 -1 0 88323.dat
1 308 407.748 -691.311 -47.133 -0.016 0 1 -1 0.008 -0.015 -0.008 -1 0 88323.dat
1 308 437.748 -691.761 -47.136 -0.016 0 1 -1 0.008 -0.015 -0.008 -1 0 88323.dat
1 308 467.748 -692.211 -47.135 -0.016 0 1 -1 0.008 -0.015 -0.008 -1 0 88323.dat
1 308 497.748 -692.662 -47.134 -0.016 0 1 -1 0.008 -0.015 -0.008 -1 0 88323.dat
1 308 527.748 -693.112 -47.134 -0.016 0 1 -1 0.008 -0.015 -0.008 -1 0 88323.dat
1 308 557.748 -693.562 -47.133 -0.016 0 1 -1 0.008 -0.015 -0.008 -1 0 88323.dat
1 308 587.748 -694.012 -47.135 -0.016 0 1 -1 0.008 -0.015 -0.008 -1 0 88323.dat
1 308 617.748 -694.462 -47.138 -0.016 0 1 -1 0.008 -0.015 -0.008 -1 0 88323.dat
1 308 647.748 -694.912 -47.141 -0.016 0 1 -1 0.008 -0.015 -0.008 -1 0 88323.dat
1 308 677.748 -695.362 -47.144 -0.016 0 1 -1 0.008 -0.015 -0.008 -1 0 88323.dat
1 308 707.748 -695.812 -47.147 -0.016 0 1 -1 0.008 -0.015 -0.008 -1 0 88323.dat
1 308 737.748 -696.261 -47.15 -0.016 0 1 -1 0.008 -0.015 -0.008 -1 0 88323.dat
1 308 767.748 -696.711 -47.153 -0.016 0 1 -1 0.008 -0.015 -0.008 -1 0 88323.dat
1 308 797.748 -697.161 -47.155 -0.016 0 1 -1 0.008 -0.015 -0.008 -1 0 88323.dat
1 308 750.708 -681.61 -141.877 0.016 0 -1 -1 -0.027 -0.015 -0.027 1 0 88323.dat
1 308 780.708 -681.16 -141.865 0.024 -0.309 -0.951 -1 -0.027 -0.015 -0.021 0.951 -0.309 88323.dat
1 308 809.755 -702.707 -133.042 0.031 -0.891 -0.454 -1 -0.027 -0.015 0.002 0.454 -0.891 88323.dat
1 308 823.364 -702.257 -106.306 0.031 -0.998 0.052 -1 -0.03 0.009 -0.007 -0.052 -0.999 88323.dat
1 308 821.648 -697.541 -76.311 0.031 -0.945 0.325 -1 -0.027 0.017 -0.007 -0.325 -0.946 88323.dat
1 308 812.204 -708.064 -48.01 0.019 -0.105 0.994 -1 -0.027 0.017 0.025 -0.994 -0.105 88323.dat
1 332 728 -960 -66 0 0 -1 0 -1 0 -1 0 0 43857.dat
1 0 738 -970 -66 0 0 -1 1 0 0 0 -1 0 3673.dat
1 0 718 -970 -66 0 0 -1 1 0 0 0 -1 0 3673.dat
1 332 728 -980 -66 0 0 -1 0 -1 0 -1 0 0 43857.dat
1 10 566 -980 -66 0 0 -1 0 -1 0 -1 0 0 43857.dat
1 10 566 -960 -66 0 0 -1 0 -1 0 -1 0 0 43857.dat
1 10 576 -970 -66 0 0 -1 1 0 0 0 -1 0 3673.dat
1 10 556 -970 -66 0 0 -1 1 0 0 0 -1 0 3673.dat
1 14 251 -978 -65 0 0 -1 0 -1 0 -1 0 0 43857.dat
1 14 251 -958 -65 0 0 -1 0 -1 0 -1 0 0 43857.dat
1 14 261 -968 -65 0 0 -1 1 0 0 0 -1 0 3673.dat
1 14 241 -968 -65 0 0 -1 1 0 0 0 -1 0 3673.dat
1 23 405 -981 -65 0 0 -1 0 -1 0 -1 0 0 43857.dat
1 23 405 -961 -65 0 0 -1 0 -1 0 -1 0 0 43857.dat
1 23 415 -971 -65 0 0 -1 1 0 0 0 -1 0 3673.dat
1 23 395 -971 -65 0 0 -1 1 0 0 0 -1 0 3673.dat
1 14 646 -677 -331 0 0 -1 -0.616 -0.788 0 -0.788 0.616 0 43857.dat
1 14 646 -661.24 -343.313 0 0 -1 -0.616 -0.788 0 -0.788 0.616 0 43857.dat
1 14 656 -669.12 -337.157 0 0 -1 0.788 -0.616 0 -0.616 -0.788 0 3673.dat
1 14 636 -669.12 -337.157 0 0 -1 0.788 -0.616 0 -0.616 -0.788 0 3673.dat
1 0 526 -361.716 -237.592 -1 0 0 0 0.616 0.788 0 0.788 -0.616 ev3Cable-1.ldr
1 0 578 -172 -202 0 0 1 -1 0 0 0 -1 0 ev3Cable-2.ldr
1 15 526 -333.284 245.284 -1 0 0 0 0.616 0.788 0 0.788 -0.616 ev3Cable-3.ldr
1 15 345 -621 112 0 0 1 -1 0 0 0 -1 0 ev3Cable-4.ldr
0 FILE ev3Cable-1.ldr
0 Author: LDCad
0 !LICENSE Free for non-commercial use.
0 !CATEGORY electric
0 !KEYWORDS flexible, mindstorms, ev3, cable
0 !LDCAD CONTENT [type=path] [addFallBack=default] [looped=false] [displayKind=mm] [curveStep=0] [displayLenCor=0]

0 !LDCAD PATH_POINT [type=bezier] [posOri=0 0 14 0 0 1 -1 0 0 0 -1 0] [prevCPDist=25] [nextCPDist=255.5] [cirR=20] [cirDir=xyCW] [prevYRoll=0] [nextYRoll=0]
0 !LDCAD PATH_POINT [type=bezier] [posOri=-123.186 -193.189007 -30.950577 0 0 -1 -0.99862 0.048566 0 0.048566 0.99862 0] [prevCPDist=367.5] [nextCPDist=25] [cirR=20] [cirDir=xyCW] [prevYRoll=0] [nextYRoll=0]

0 !LDCAD PATH_SKIN [donCol=0] [donOri=1 0 0 0 1 0 0 0 1] [donPart=ldcEv3WireSeg.dat] [donYSize=400%] [donCen=absCen] [donCenYOfs=0] [donFinScale=fitDon2Seg] [donPlace=deform] [donYAlign=0] [donInline=false] [segSize=100%] [segSizeTol=5%] [segsCnt=0] [segsGrp=0] [segsMaxMerge=10] [segsMrgAng=0] [segsMrgRollAng=0] [segsEdgeDelKind=keepFirstLeft]

0 !LDCAD PATH_CAP [group=start] [color=16] [posOri=0 0 0 -1 0 0 0 -1 0 0 0 1] [part=933c01.dat] [extraLen=0mm] [inlineRef=false]
0 !LDCAD PATH_CAP [group=end] [color=16] [posOri=-123.186 -193.869 -44.931 1 0 0 0 0.999 0.049 0 -0.049 0.999] [part=933c01.dat] [extraLen=0mm] [inlineRef=false]

0 !LDCAD GENERATED [generator=LDCad 1.6d]
0 //This is the fallback LDraw content for above PATH configuration.
0 // Do not edit, any changes will be lost upon regeneration.
0 // The path is approx 225.49 mm (563.73) and exists out of 92 segments.

0 //Some general hints about the document.
0 UNOFFICIAL PART
0 BFC CERTIFY CCW

0 //Start cap reference(s)
1 16 0 0 0 -1 0 0 0 -1 0 0 0 1 933c01.dat

0 //End cap reference(s)
1 16 -123.186 -193.868937 -44.931254 1 0 0 0 0.99862 0.048566 0 -0.048566 0.99862 933c01.dat

0 //Fixed color segments
0 //  Skin meta #1 is using a static color.
0 //  To ensure correct edge colors those segments are placed in (a) subpart(s).
1 0 0 0 0 1 0 0 0 1 0 0 0 1 ev3Cable-1_subPart1.ldr

0 FILE ev3Cable-1_subPart1.ldr
0 Name: ev3Cable-1_subPart1.ldr
0 Author: LDCad
0 !LICENSE Free for non-commercial use.

0 !LDCAD GENERATED [generator=LDCad 1.6d] [master=ev3Cable-1.ldr]
0 //This is additional fallback LDraw content for the "ev3Cable-1.ldr" PATH configuration.
0 // Do not edit, any changes will be lost upon regeneration.
0 // The path is approx 225.49 mm (563.73) and exists out of 92 segments.

0 //Some general hints about the document.
0 UNOFFICIAL PART
0 BFC CERTIFY CCW

0 //Some of this content has been generated from other LDraw files, many thanks to all involved.
0 // Credits for "ldcEv3WireSeg.dat":
0 //  Author: LDCad
0 // Credits for "2-4cyli.dat":
0 //  Author: James Jessiman
0 //  History:
0 //   2002-03-23 [sbliss] Added BFC statement; compacted code
0 //   2002-04-25 [PTadmin] Official Update 2002-02
0 //   2004-12-11 [nielsk] Recreated using Primitive Generator, Edge lines fixed, BFC changed to CCW
0 //   2005-12-28 [PTadmin] Official Update 2005-01
0 //   2007-06-24 [PTadmin] Header formatted for Contributor Agreement
0 //   2008-07-01 [PTadmin] Official Update 2008-01
0 // Credits for "ldcConRing-2-4.dat":
0 //  Author: LDCad

0 //Segments
0 // Segment 1, this block is (recursively) generated from "ldcEv3WireSeg.dat"
4 16 6.1481 -2.7717 14 6.040267 -2.924852 26.519695 4.892376 -3.153145 26.497719 5 -3 14
4 16 7.1213 -2.1213 14 7.013127 -2.274561 26.548031 6.040267 -2.924852 26.519695 6.1481 -2.7717 14
4 16 7.7717 -1.1481 14 7.663109 -1.301556 26.578411 7.013127 -2.274561 26.548031 7.1213 -2.1213 14
4 16 8 0 14 7.890975 -0.153706 26.606207 7.663109 -1.301556 26.578411 7.7717 -1.1481 14
4 16 7.7717 1.1481 14 7.662292 0.994126 26.627193 7.890975 -0.153706 26.606207 8 0 14
4 16 7.1213 2.1213 14 7.011618 1.967081 26.638168 7.662292 0.994126 26.627193 7.7717 1.1481 14
4 16 6.1481 2.7717 14 6.038295 2.617296 26.637468 7.011618 1.967081 26.638168 7.1213 2.1213 14
4 16 5 3 14 4.890242 2.8455 26.625191 6.038295 2.617296 26.637468 6.1481 2.7717 14
4 16 -6.1481 2.7717 14 -6.256536 2.616819 26.454037 -5.108645 2.845112 26.476015 -5 3 14
4 16 -7.1213 2.1213 14 -7.229397 1.966528 26.425701 -6.256536 2.616819 26.454037 -6.1481 2.7717 14
4 16 -7.7717 1.1481 14 -7.879378 0.993522 26.395323 -7.229397 1.966528 26.425701 -7.1213 2.1213 14
4 16 -8 0 14 -8.107244 -0.154327 26.367525 -7.879378 0.993522 26.395323 -7.7717 1.1481 14
4 16 -7.7717 -1.1481 14 -7.878561 -1.302159 26.34654 -8.107244 -0.154327 26.367525 -8 0 14
4 16 -7.1213 -2.1213 14 -7.227887 -2.275114 26.335566 -7.878561 -1.302159 26.34654 -7.7717 -1.1481 14
4 16 -6.1481 -2.7717 14 -6.254564 -2.92533 26.336266 -7.227887 -2.275114 26.335566 -7.1213 -2.1213 14
4 16 -5 -3 14 -5.106511 -3.153533 26.348543 -6.254564 -2.92533 26.336266 -6.1481 -2.7717 14
4 16 4.890242 2.8455 26.625191 5 3 14 -5 3 14 -5.108645 2.845112 26.476015
4 16 -5.106511 -3.153533 26.348543 -5 -3 14 5 -3 14 4.892376 -3.153145 26.497719
5 24 5 -3 14 4.892376 -3.153145 26.497719 3.7574 -3 14 6.1481 -2.7717 14
5 24 6.1481 -2.7717 14 6.040267 -2.924852 26.519695 5 -3 14 7.1213 -2.1213 14
5 24 7.1213 -2.1213 14 7.013127 -2.274561 26.548031 6.1481 -2.7717 14 7.7717 -1.1481 14
5 24 7.7717 -1.1481 14 7.663109 -1.301556 26.578411 7.1213 -2.1213 14 8 0 14
5 24 8 0 14 7.890975 -0.153706 26.606207 7.7717 -1.1481 14 7.7717 1.1481 14
5 24 7.7717 1.1481 14 7.662292 0.994126 26.627193 8 0 14 7.1213 2.1213 14
5 24 7.1213 2.1213 14 7.011618 1.967081 26.638168 7.7717 1.1481 14 6.1481 2.7717 14
5 24 6.1481 2.7717 14 6.038295 2.617296 26.637468 7.1213 2.1213 14 5 3 14
5 24 5 3 14 4.890242 2.8455 26.625191 6.1481 2.7717 14 3.7574 3 14
5 24 -5 3 14 -5.108645 2.845112 26.476015 -3.7574 3 14 -6.1481 2.7717 14
5 24 -6.1481 2.7717 14 -6.256536 2.616819 26.454037 -5 3 14 -7.1213 2.1213 14
5 24 -7.1213 2.1213 14 -7.229397 1.966528 26.425701 -6.1481 2.7717 14 -7.7717 1.1481 14
5 24 -7.7717 1.1481 14 -7.879378 0.993522 26.395323 -7.1213 2.1213 14 -8 0 14
5 24 -8 0 14 -8.107244 -0.154327 26.367525 -7.7717 1.1481 14 -7.7717 -1.1481 14
5 24 -7.7717 -1.1481 14 -7.878561 -1.302159 26.34654 -8 0 14 -7.1213 -2.1213 14
5 24 -7.1213 -2.1213 14 -7.227887 -2.275114 26.335566 -7.7717 -1.1481 14 -6.1481 -2.7717 14
5 24 -6.1481 -2.7717 14 -6.254564 -2.92533 26.336266 -7.1213 -2.1213 14 -5 -3 14
5 24 -5 -3 14 -5.106511 -3.153533 26.348543 -6.1481 -2.7717 14 -3.7574 -3 14
5 24 4.892376 -3.153145 26.497719 6.040267 -2.924852 26.519695 4.808269 -3.272874 30.495356 5 -3 14
5 24 6.040267 -2.924852 26.519695 7.013127 -2.274561 26.548031 5.955966 -3.04459 30.525904 6.1481 -2.7717 14
5 24 7.013127 -2.274561 26.548031 7.663109 -1.301556 26.578411 6.928511 -2.394403 30.565289 7.1213 -2.1213 14
5 24 7.663109 -1.301556 26.578411 7.890975 -0.153706 26.606207 7.578104 -1.42158 30.607512 7.7717 -1.1481 14
5 24 7.890975 -0.153706 26.606207 7.662292 0.994126 26.627193 7.805568 -0.273964 30.646147 8 0 14
5 24 7.662292 0.994126 26.627193 7.011618 1.967081 26.638168 7.57653 0.873618 30.675314 7.7717 1.1481 14
5 24 7.011618 1.967081 26.638168 6.038295 2.617296 26.637468 6.925602 1.846346 30.690563 7.1213 2.1213 14
5 24 6.038295 2.617296 26.637468 4.890242 2.8455 26.625191 5.952166 2.496391 30.689589 6.1481 2.7717 14
5 24 -5.108645 2.845112 26.476015 -6.256536 2.616819 26.454037 -5.193693 2.723778 30.465166 -5 3 14
5 24 -6.256536 2.616819 26.454037 -7.229397 1.966528 26.425701 -6.34139 2.495493 30.434618 -6.1481 2.7717 14
5 24 -7.229397 1.966528 26.425701 -7.879378 0.993522 26.395323 -7.313935 1.845306 30.395233 -7.1213 2.1213 14
